
100
267 33 4 637 415 198 127 707 977 801 69 409 820 254 155 232 174 163 252 967 711 203 788 213 331 865 344 590 824 556 922 90 589 927 417 695 124 235 91 791 35 160 199 546 104 44 778 279 898 720 936 609 614 723 822 945 588 856 224 411 412 146 191 691 72 609 385 887 534 476 677 259 326 566 805 431 611 272 400 508 683 335 807 296 58 318 931 646 174 154 747 276 991 938 967 753 236 42 639 770 
9

500
882 666 258 817 661 824 852 416 110 578 203 456 600 258 814 24 495 775 813 804 281 311 603 774 38 642 254 163 481 306 20 52 973 969 559 633 793 411 48 593 989 251 48 279 199 552 994 695 326 806 188 297 807 481 70 535 122 14 698 294 321 409 36 293 377 596 616 169 697 354 763 375 606 501 654 805 53 337 189 69 833 377 57 640 859 127 174 671 142 563 655 463 972 692 446 348 978 61 208 674 105 661 48 711 852 393 206 595 730 85 355 563 463 412 893 11 539 757 372 371 319 27 524 981 409 970 329 386 721 537 59 827 888 107 227 739 500 123 334 921 209 689 173 362 100 65 63 329 512 435 391 832 152 915 812 561 575 831 947 986 57 5 812 945 804 730 684 994 543 708 914 752 86 777 804 186 532 867 205 44 993 596 566 144 201 67 706 776 899 652 761 646 348 263 591 151 683 965 144 225 672 749 668 448 525 471 634 57 28 529 792 20 125 357 164 326 114 870 792 703 212 552 349 560 505 940 711 187 594 855 413 265 603 80 713 819 241 36 876 269 255 357 289 380 404 144 396 518 704 187 221 916 430 570 475 625 199 876 813 793 421 916 57 714 686 460 532 617 186 97 887 441 454 866 512 858 9 908 66 714 786 287 319 906 857 485 530 55 360 32 848 781 948 595 495 323 745 717 941 621 815 827 752 959 382 263 507 392 862 573 796 337 860 114 242 406 599 462 151 650 495 689 430 132 974 615 456 408 22 396 28 837 913 780 485 985 734 992 376 595 254 862 932 804 977 864 900 265 15 50 915 510 429 345 643 402 650 789 500 672 875 528 198 477 999 374 461 732 55 528 16 310 389 638 113 365 191 13 321 206 754 235 717 183 270 49 275 921 838 776 282 712 994 171 879 992 545 339 413 600 867 119 600 256 757 404 311 638 107 632 845 861 868 561 734 137 300 700 748 137 475 721 539 158 892 107 841 126 446 253 416 313 63 16 259 510 420 570 148 527 893 993 77 450 243 812 277 543 511 25 370 676 436 599 834 17 706 674 143 842 618 249 154 681 265 103 190 375 364 338 592 256 20 670 706 263 171 983 806 372 698 866 47 824 464 571 841 860 936 674 702 553 924 546 924 879 650 804 254 13 
2

1000
1004 942 1168 425 970 1341 1270 356 1189 243 1249 1478 608 458 1012 885 15 581 144 19 806 889 131 217 1354 924 679 97 714 1293 1289 271 734 1010 697 257 850 466 614 538 763 416 570 1372 928 81 810 997 717 954 1016 76 342 1201 347 249 625 1081 346 1393 927 188 164 214 1252 915 472 601 1435 1140 1194 697 109 317 622 1038 452 1432 588 1223 885 158 1300 1281 1359 200 29 537 1281 430 484 707 618 702 976 370 116 1448 1025 50 1087 772 801 1250 1089 1424 787 95 1409 1430 1318 794 87 1117 628 1446 1372 658 537 1206 1088 1021 467 259 222 1443 683 392 1390 262 496 1030 1088 1297 779 731 1274 120 826 1183 49 643 530 136 314 1158 135 185 315 672 1391 1457 246 357 270 468 353 1007 860 242 1269 1356 1326 857 1207 605 141 1034 725 967 716 828 109 1246 964 423 958 1099 662 1327 325 607 1338 571 1018 107 1094 1372 1168 507 113 991 417 1440 401 177 598 542 1211 1377 8 481 704 117 280 221 595 1238 1374 1311 1065 198 417 902 824 1436 1063 417 1307 730 978 1474 220 1395 1467 621 71 618 1217 1337 494 1225 317 1252 1397 597 1473 545 335 1401 355 1400 152 773 855 976 762 471 1447 622 1255 979 595 1476 873 562 650 999 1180 367 835 228 145 1152 1480 41 248 6 586 637 1461 996 590 112 322 1445 1143 1084 415 1143 205 170 621 800 199 48 1416 903 1047 1150 1324 435 1432 23 86 1465 118 388 1471 705 1026 1485 254 115 97 576 114 1240 159 583 936 418 807 57 1272 1060 105 1242 517 1206 945 394 140 876 417 280 840 536 722 865 1295 301 849 48 417 946 624 585 739 837 1168 229 1309 529 286 1080 88 445 821 605 150 265 1000 344 1195 1471 678 535 506 1400 1400 300 201 802 402 672 302 1080 1311 1095 416 978 1324 278 60 109 1359 149 608 733 808 812 1053 361 1156 747 332 387 1282 838 287 1235 1193 542 537 94 1268 893 1175 1078 487 144 609 311 423 670 474 335 873 1083 1122 180 394 674 596 104 1422 928 491 1203 319 832 992 65 1374 82 160 1141 975 1389 772 1462 86 1382 272 563 551 801 898 1478 383 520 211 777 1194 807 935 1169 288 1427 926 662 758 417 727 632 499 941 326 27 883 1099 1489 970 1034 315 32 138 1116 985 115 1499 4 326 829 1252 1188 264 921 1476 244 346 691 1002 817 1419 187 1370 913 568 1397 296 166 1439 1266 1254 253 1352 1392 1423 836 60 1475 894 386 804 646 73 1122 120 103 1366 520 794 921 1337 766 1109 1206 179 176 1156 529 396 1094 294 149 1402 145 94 1324 1036 154 1299 429 594 656 1075 668 331 1249 825 250 268 118 1171 158 939 833 1418 1118 1063 1127 146 1459 721 494 161 622 693 309 499 228 463 351 658 1058 1007 286 279 1338 89 1104 141 411 1276 1313 570 714 699 541 385 262 168 585 274 943 1079 436 118 326 745 617 554 1263 969 1266 820 529 52 1153 421 195 756 562 606 585 428 1176 1300 1128 271 238 1444 439 824 217 1382 456 653 1500 782 1453 670 1391 1215 138 1156 588 722 1262 240 1143 1457 1050 204 563 134 633 292 1488 314 563 226 257 1056 1104 474 991 113 1182 1044 896 1188 214 840 902 406 495 43 1128 311 337 770 267 1387 1029 884 74 161 1177 62 529 293 342 786 1350 1500 1314 840 112 995 384 1062 682 652 401 137 1058 951 234 740 1262 571 9 82 457 1038 967 532 1253 697 648 281 990 1044 1121 893 1043 935 287 1155 429 671 771 1166 1377 1226 1303 934 676 37 173 491 608 237 628 1120 1275 148 205 1082 845 853 1363 388 450 984 1282 1493 418 68 1201 901 793 471 566 669 197 423 156 927 460 384 1473 1122 621 600 795 449 802 1000 30 200 406 1394 588 856 931 423 902 1403 545 603 803 1392 1128 1424 560 1379 346 771 806 860 1155 832 481 275 1486 1277 724 787 830 755 987 1237 702 128 646 186 552 48 88 1151 651 945 1043 332 868 102 211 1268 927 1071 627 581 402 1163 856 387 993 134 1228 322 943 768 112 144 896 813 330 1 861 472 1153 65 1417 695 451 839 851 662 606 278 232 1288 913 688 950 323 1129 442 457 856 818 1400 123 985 97 1074 297 481 1075 1212 953 727 1331 923 1476 281 261 827 944 922 1159 1230 709 571 418 158 894 46 654 1405 903 25 1358 1080 1010 1455 707 1361 489 282 1072 1496 1063 956 919 1039 1238 1234 419 735 709 131 464 1418 702 882 129 150 983 783 54 439 863 1467 18 372 1421 726 233 464 1062 1359 459 624 815 1432 216 606 1220 689 1341 428 820 358 400 22 1241 529 226 777 1367 334 1216 729 300 1234 1155 275 513 1388 739 128 1301 1252 753 615 1238 1023 1221 957 212 1115 1439 1032 1473 338 1108 1267 868 1334 543 788 222 258 70 522 46 1225 797 613 1167 89 742 967 1342 48 135 1079 1071 1356 589 1337 1024 527 923 996 
79023

1500
1137 200 2926 302 38 2293 1396 2378 1134 2510 675 427 3350 3772 3675 3855 3230 1858 868 3247 3234 236 3449 2700 231 858 562 3686 1447 1575 1063 3673 1775 1078 3975 2902 3371 1370 2368 505 3881 3044 2021 318 3904 2784 172 3133 641 2130 3469 964 2366 5 3664 2597 863 225 3371 2310 1800 433 3071 663 2600 3045 654 1971 1504 3022 3565 2473 3154 1585 2791 3057 369 51 3279 2099 2181 3836 3063 1635 3841 3815 1320 703 40 690 101 2929 2213 3172 681 812 3305 1335 2783 1897 1445 3436 1458 1688 1021 1337 1833 2479 1389 1111 577 658 946 729 3383 1875 543 702 2578 1672 1393 3768 1690 694 27 2371 1506 3333 794 1378 1229 3328 813 3777 1015 2923 1113 2849 1401 2502 1048 3068 249 3084 3797 3632 958 1428 1422 625 3101 3904 392 790 597 420 249 3193 841 1043 1659 3159 1459 3561 2935 2475 2484 48 2412 973 2550 3460 1129 3888 2543 925 607 590 3443 2030 1215 3632 1933 1607 1510 3620 2027 1759 2812 2868 3891 1559 3116 1349 1119 2050 912 3603 2098 3324 1665 1737 2784 2794 1624 2415 808 3321 3005 250 1350 219 3882 371 2916 1391 3991 2031 238 3891 1988 1217 1449 1103 2566 2569 3153 567 3260 1251 3891 924 76 3763 807 1700 3267 1615 2109 2271 2954 3459 3580 3924 919 3584 2403 909 1614 2641 1889 3602 946 3338 1793 3512 2995 946 78 3344 3286 1058 1356 3362 820 2163 2150 86 866 259 3447 3820 806 114 831 1725 3698 3234 3724 2400 2963 1612 3091 3909 2038 883 509 2122 1829 1676 1465 2203 2734 2821 1564 643 2073 803 729 2939 1062 1264 3848 2957 2467 678 682 3253 1001 1494 1653 3964 194 743 961 3321 2715 1470 1442 544 3146 3996 3836 1880 3906 2489 3612 1978 3292 1429 2005 1442 2694 1852 398 1160 3620 2169 1502 620 3663 3155 583 945 986 1544 266 3701 102 1708 1333 3249 2793 1169 2217 2698 3658 2917 675 2949 345 2680 1479 3039 1621 1877 1288 1240 46 2790 1860 797 3033 3532 1743 18 2165 2009 807 2267 805 2141 2604 3598 398 1909 2295 55 825 58 92 1171 2739 1571 1298 1448 536 3675 2688 582 3553 547 2469 2585 1167 211 3692 3332 3309 1588 2688 1202 817 2380 1889 1215 1378 1272 2359 3292 1331 2451 1551 1158 1110 2850 2606 1646 3613 1293 3318 3166 2929 1786 2839 1184 3086 3620 1605 3483 2296 292 1773 3113 3761 3662 327 1138 2023 2686 430 442 2225 1981 1600 3335 1919 1294 2069 2621 3676 1386 1786 3693 3172 1713 876 3346 2421 2481 2828 716 3862 601 3829 3623 1351 1244 1849 3374 3930 2279 3816 2154 1349 2504 2577 356 3798 646 2977 561 2032 1851 253 2293 653 1130 1638 3074 699 1555 3791 561 3245 707 183 595 1952 3121 1058 1881 1400 1962 1124 3838 1555 789 1282 2441 1435 259 3003 556 3199 3256 2849 3852 1474 1575 2926 3263 218 3805 3824 3463 1600 1095 1147 3552 215 2205 2522 2704 1255 734 3630 2810 1523 912 1251 47 2260 1342 603 1458 597 540 1310 3161 3204 1324 3512 3423 1128 3335 2885 2728 1518 31 3369 2822 3325 2979 2615 580 3713 2244 3390 1235 3156 1729 1282 2504 3071 2974 3963 757 3514 1272 1006 2718 3685 517 2140 1901 940 2113 628 3547 2145 1085 2368 2558 63 982 3138 3776 315 3617 2100 559 1345 470 3064 1505 3445 3026 2262 46 1386 356 3853 1070 873 3081 2971 2902 1194 687 2448 427 1773 815 2985 2925 2887 3212 3790 3202 2828 1889 3761 1261 3448 2824 3855 2892 2938 3205 27 323 3561 968 2482 1522 49 1452 423 2332 3229 2871 3848 1001 775 3921 1014 3662 3132 803 3952 3048 3781 3712 1398 3229 3625 2341 2120 3651 1546 3236 3975 2195 204 2456 3718 1342 997 1229 762 225 1189 609 2315 1964 1618 3329 2714 750 1221 2665 886 1001 3465 3373 229 177 1714 3439 3829 3260 2674 3803 2543 3967 3347 2260 2397 343 578 3159 1657 1767 856 3972 3731 2475 389 2444 313 1610 2197 1199 2611 1661 572 3930 2928 3375 3368 2756 3723 3130 3647 2265 3097 2993 1614 1493 425 2192 1741 3171 3959 2597 231 777 1071 620 309 1384 3319 2506 3673 3018 1255 1333 2947 182 707 3403 2938 1518 2533 3673 3783 2718 2666 2485 210 179 676 3040 3350 1723 1637 3581 2500 3797 1289 3898 1181 1696 2403 1942 714 747 3275 749 2018 1070 152 2045 2588 2685 1717 2370 1402 1471 855 2701 1650 2620 1741 2089 1432 466 2758 3932 262 1136 918 2532 2832 3321 473 634 1156 836 1384 3175 1906 1536 1219 493 1309 2936 3953 3800 407 1896 2500 3146 1604 1329 2323 3036 2884 1081 56 235 2217 974 2767 2137 1383 329 2772 2540 1165 155 1714 160 2780 21 653 1177 45 1694 976 452 3590 564 687 2283 1894 3010 1318 1866 1179 1374 2101 3396 2348 868 2622 3732 2286 1393 2271 539 2637 1073 699 2505 2183 1353 3682 2228 135 657 3770 814 1221 456 3097 203 554 414 2070 1734 1789 170 2218 1225 2127 839 2045 412 2232 1404 952 1957 2477 1651 461 1748 92 142 3977 1317 799 834 2131 3110 1290 1227 401 2933 2730 2471 666 1607 3731 2885 2833 1857 812 877 3359 133 2282 1399 2090 1847 138 2552 3596 1320 2694 660 2637 582 1494 767 780 3873 3083 1181 2805 1812 741 560 3420 471 533 2252 3417 1345 217 3864 1478 3588 1262 3569 2524 2490 3209 3208 3810 2991 3868 2446 3573 2450 301 1441 3411 3384 2623 3304 1195 452 3864 614 923 396 3955 1428 1742 1261 1292 308 848 3643 3877 3372 2132 3085 2579 1941 2076 3535 1475 2737 1984 1776 178 2483 1159 3890 1787 3444 1430 1650 1146 2353 2047 1101 869 877 3451 2161 1185 298 1804 2151 759 1024 1235 3338 2966 399 3962 440 225 3034 3306 1492 1517 1553 1381 3304 996 3900 953 2143 2252 88 332 209 965 871 3460 3240 1169 1263 1390 3017 3376 3714 2355 2341 1202 3405 3871 1427 2438 3176 2919 3955 728 1388 3258 2814 1287 1300 2045 627 1388 3466 836 3443 336 295 3771 1505 2647 1160 522 2023 1962 3966 1452 3164 3370 1322 590 2896 1586 3509 2851 3404 896 3197 2217 2183 496 1350 3899 1885 815 735 2416 1151 1030 2186 3745 766 434 1355 2789 2396 2409 1329 1560 2867 2652 2150 1763 1326 2748 613 729 3644 3810 34 2916 306 2473 2814 3280 3288 637 2784 438 2757 969 1272 3523 1403 2627 3400 3799 1036 728 2447 3903 468 1686 1665 2884 433 3367 701 1165 265 736 80 571 3209 3984 939 3586 1709 3723 23 465 1780 2384 3988 3183 1011 475 69 2047 1204 3606 3038 2761 1291 1792 1644 1724 1158 2346 2889 1423 170 58 3083 467 1130 1110 52 2839 1921 1165 3305 3701 3549 380 3972 1648 856 1130 783 3149 735 3822 1909 2026 2702 642 838 3860 76 3727 2372 246 873 2543 1802 2003 3654 2944 1931 1574 1197 1235 1275 745 2704 2335 3483 3560 3465 265 3797 199 1175 2795 3314 3877 3437 151 825 3513 967 285 847 1840 2828 2649 932 2481 2681 2863 1144 3878 1186 3508 1712 3890 1842 1194 538 2396 1459 334 2595 3724 3129 2998 688 3654 3149 1513 254 1204 1798 1101 3045 626 839 3977 195 608 3928 1339 486 1113 1935 2198 1002 3778 3392 1540 2173 1939 1875 1856 2751 2092 1942 3440 2835 2180 952 3089 3384 3840 1279 3517 1554 3207 3493 1749 3815 508 177 300 1621 2112 3587 2624 2978 2978 1252 2239 2006 215 95 756 3397 3126 1284 2231 1305 2237 1319 689 3165 3687 205 718 2893 787 3556 2708 1295 3733 96 5 2934 3684 3718 1911 3750 969 150 2844 2274 1334 3601 1670 459 884 3901 2854 209 2308 3543 462 1995 836 1180 887 1623 736 683 7 1557 1869 12 490 1552 818 3491 2390 1787 729 1234 60 2063 834 2819 3611 2807 2719 2464 105 2116 3095 567 110 3932 2837 2086 2643 661 3859 2650 2218 1727 3751 3798 367 568 3288 2757 3445 16 3991 593 3168 1913 3413 3867 1809 3220 3420 3003 1335 2514 3570 2534 2445 3495 620 2177 155 1567 826 3463 3294 1666 348 3661 2234 3636 2417 2767 740 3497 3361 996 1409 2773 862 306 1992 281 3309 416 3885 3968 2950 2329
455